77 74 6e 73 // wtns
02 00 00 00 // version?
02 00 00 00 // number of sections ?
01 00 00 00 // section 1 ?
28 00 00 00 00 00 00 00 // size of section ?
20 00 00 00 // size of field
01 00 00 f0 93 f5 e1 43 91 70 b9 79 48 e8 33 28 5d 58 81 81 b6 45 50 b8 29 a0 31 e1 72 4e 64 30
04 00 00 00 // number of variables ?
02 00 00 00 // section 2 ?
80 00 00 00 00 00 00 00 // size of section ?
01 00 00 00 00 00 00 00 00 00 00 00 00 00 00 00 00 00 00 00 00 00 00 00 00 00 00 00 00 00 00 00
02 00 00 00 00 00 00 00 00 00 00 00 00 00 00 00 00 00 00 00 00 00 00 00 00 00 00 00 00 00 00 00
03 00 00 00 00 00 00 00 00 00 00 00 00 00 00 00 00 00 00 00 00 00 00 00 00 00 00 00 00 00 00 00
06 00 00 00 00 00 00 00 00 00 00 00 00 00 00 00 00 00 00 00 00 00 00 00 00 00 00 00 00 00 00 00
